%YAML:1.0
---
big_armor_descriptor: !!opencv-object-detector-hog
   winSize: [ 96, 24 ]
   blockSize: [ 16, 16 ]
   blockStride: [ 8, 8 ]
   cellSize: [ 8, 8 ]
   nbins: 9
   derivAperture: 1
   winSigma: 4.
   histogramNormType: 0
   L2HysThreshold: 2.0000000000000001e-01
   gammaCorrection: 1
   nlevels: 64
   signedGradient: 0
   SVMDetector: [ -8.45757965e-03, -6.83288835e-03, 2.67313588e-02,
       1.94787867e-02, 4.68932949e-02, 2.66275033e-02, 3.22300307e-02,
       2.08908562e-02, 5.54431556e-03, 2.15836745e-02, -7.21424725e-03,
       1.07554188e-02, 6.98657194e-03, 3.09440996e-02, 1.57139953e-02,
       2.39812750e-02, 1.48480888e-02, 1.14330370e-02, -5.91271278e-03,
       -2.31843777e-02, 9.61818453e-03, -2.32974458e-02, 1.42512433e-02,
       -2.29305960e-02, 1.09093655e-02, -8.22494086e-03, -1.05014378e-02,
       -7.01932237e-03, -3.48269306e-02, 1.77415106e-02, -2.52182279e-02,
       2.33175438e-02, -2.16678344e-02, 1.06840702e-02, -9.78288520e-03,
       -9.21649113e-03, 2.99999565e-02, 1.21958721e-02, 2.08591688e-02,
       7.25700334e-03, 4.26604748e-02, 1.59194395e-02, 3.06678656e-02,
       2.60499343e-02, 1.97856240e-02, 4.13413486e-03, 4.47090808e-03,
       2.98988651e-02, -6.42804708e-03, 4.13274430e-02, 1.15454337e-03,
       1.69818718e-02, 1.13623999e-02, -1.65490173e-02, -2.23027449e-03,
       -2.50227246e-02, 1.12170046e-02, -2.52637751e-02, 2.44252570e-02,
       -9.88593139e-03, 1.49352308e-02, -1.98548520e-03, -3.18236230e-03,
       -1.58776660e-02, -3.63582410e-02, 4.77724895e-03, -4.25380170e-02,
       3.73434275e-02, -1.77312586e-02, 4.53877309e-03, -1.79893412e-02,
       -2.99054347e-02, -3.18727158e-02, -2.20334791e-02, 7.11705629e-03,
       -2.37801298e-02, 6.58197561e-03, -3.43533047e-02, 5.31419227e-03,
       -2.04456523e-02, -2.36422997e-02, -2.98986137e-02,
       -3.73411812e-02, 1.61274765e-02, -3.02479137e-02, 2.63627358e-02,
       -2.40945294e-02, 8.68860818e-03, -1.57831479e-02, -2.96375733e-02,
       4.84804586e-02, 2.21373755e-02, 2.44261548e-02, -2.08451618e-02,
       1.83862038e-02, -2.04220135e-02, 1.76486410e-02, -6.41079666e-03,
       4.71099839e-02, 5.23436032e-02, 6.34670816e-03, 2.65116990e-02,
       -2.03927699e-02, 3.74331214e-02, -1.34525010e-02, 1.91849470e-02,
       -8.05552292e-04, 5.17159142e-02, -2.14232821e-02, -3.39789428e-02,
       5.30235749e-03, -2.93362420e-02, 1.24759665e-02, -1.98136009e-02,
       8.64914060e-03, -1.63943116e-02, -2.86459401e-02, -3.57816480e-02,
       -4.53610271e-02, -4.12698276e-03, -4.38708551e-02, 1.23333121e-02,
       -2.87113450e-02, 6.68517919e-03, -3.73878069e-02, -3.84413153e-02,
       6.01026155e-02, 1.34852026e-02, 2.81033907e-02, -1.25836609e-02,
       4.33589593e-02, -9.35772713e-03, 2.81501208e-02, 1.32927559e-02,
       5.27247153e-02, 3.60016525e-02, 1.38578529e-03, 2.57408917e-02,
       -1.77776143e-02, 3.92139778e-02, -1.48548316e-02, 2.36268677e-02,
       -4.69302712e-03, 2.49771401e-02, -2.09653303e-02, 1.04136998e-02,
       -2.36292705e-02, -2.85605006e-02, -7.08319321e-02,
       -2.48192046e-02, -5.19452989e-02, -4.24348526e-02,
       -3.43951359e-02, 1.10523738e-02, -2.06703097e-02, -3.87701392e-02,
       -2.70162635e-02, -6.68209046e-02, -1.78997088e-02,
       -4.08309512e-02, -2.51203422e-02, 6.18161587e-03, 5.64226918e-02,
       9.53942016e-02, 3.53154913e-02, -1.45138912e-02, -5.30049279e-02,
       -1.71702113e-02, -4.37593199e-02, -1.35465991e-02, 4.67551835e-02,
       2.73957141e-02, 3.64042558e-02, -3.93362269e-02, -3.36144157e-02,
       -5.87619282e-02, -1.79119948e-02, -4.00199480e-02, 1.75796729e-02,
       3.06942686e-02, -1.97428986e-02, -2.41670739e-02, -2.46312898e-02,
       -1.65048186e-02, -3.80763188e-02, -1.79998428e-02,
       -3.01260371e-02, -6.71214890e-03, -6.13617105e-03,
       -7.13042840e-02, -3.71480025e-02, -3.56824286e-02,
       -2.37483419e-02, -4.15065661e-02, -2.41943244e-02,
       -2.15350054e-02, -3.47637828e-03, -4.41284776e-02, 4.64568138e-02,
       -1.24983741e-02, -3.48024368e-02, -1.78241655e-02,
       -3.27507257e-02, -1.33533608e-02, -5.00321970e-04, 6.61558285e-02,
       5.44031598e-02, 2.11081058e-02, -2.60567926e-02, -4.57929634e-02,
       -2.52879485e-02, -4.07358296e-02, -1.40739633e-02, 6.65146038e-02,
       9.30751488e-02, 3.72413956e-02, 2.63972320e-02, 5.72893284e-02,
       5.89231681e-03, -1.34291761e-02, -4.78268377e-02, -7.59288529e-03,
       -3.96340527e-02, -1.96116641e-02, 3.87039431e-03, -3.95304943e-03,
       -3.73929273e-03, -5.30200228e-02, -3.21066827e-02,
       -4.56700251e-02, -9.58302058e-03, -3.60387228e-02, 6.84258668e-03,
       2.49063480e-03, 2.39867426e-04, 4.17281687e-02, 7.72266323e-03,
       -1.92455705e-02, -5.53893931e-02, 3.03973909e-03, -3.96156125e-02,
       -2.91615203e-02, -2.14691479e-02, -1.48861865e-02,
       -1.07289595e-03, -5.24837635e-02, -2.78474055e-02,
       -5.52231185e-02, -7.84491096e-03, -4.25959602e-02,
       -4.40432085e-03, -1.09731713e-02, -3.86338099e-03,
       -2.97895651e-02, -3.57983671e-02, -1.50753530e-02,
       -2.29903609e-02, -1.29143018e-02, -2.26936825e-02, 2.91211754e-02,
       1.02587901e-02, -2.22757179e-02, -3.12965214e-02, -4.02841493e-02,
       -1.82414819e-02, -5.15961982e-02, -2.23929305e-02, 2.32641641e-02,
       5.58744073e-02, 7.39094894e-03, -7.35076144e-03, -2.63732541e-02,
       -3.66672128e-02, -1.40173668e-02, -2.51209810e-02,
       -1.67401042e-02, -2.60375887e-02, 2.79958025e-02, 4.11605462e-03,
       -3.01418826e-02, -1.86650250e-02, -2.92003695e-02,
       -2.32842602e-02, -6.12059794e-02, -3.04453317e-02, 7.11447792e-03,
       4.28340919e-02, 6.53212331e-03, 2.45345552e-02, 5.28339595e-02,
       1.80909261e-02, -9.23868362e-03, -3.38033475e-02, -3.71397415e-04,
       -2.74505168e-02, -2.20753402e-02, -8.53940845e-03, 1.67110227e-02,
       2.74882019e-02, -2.10750327e-02, -1.82167273e-02, -3.72577161e-02,
       -9.04872920e-03, -2.61617284e-02, 8.56024399e-03, 1.67373382e-02,
       -1.03544062e-02, 3.68189849e-02, 3.44621670e-03, 1.05741052e-02,
       -5.11785373e-02, -5.17588167e-04, -2.74097845e-02,
       -1.85579769e-02, -3.84948067e-02, -3.00246081e-03,
       -5.56448381e-03, -3.67247090e-02, -1.13015501e-02,
       -5.82717247e-02, -8.76639318e-03, -3.61148529e-02,
       -9.35373455e-03, -1.73359439e-02, 1.71677656e-02, -1.97048206e-02,
       -3.14077102e-02, -1.09124482e-02, -2.23606415e-02,
       -1.13078542e-02, 4.62661730e-03, 5.22130989e-02, 3.21955010e-02,
       -2.97482572e-02, -2.23471560e-02, -2.87143346e-02,
       -2.40669809e-02, -5.58341518e-02, -4.36794339e-03, 1.85846761e-02,
       5.31262085e-02, 1.57692526e-02, -2.86652111e-02, -2.02240087e-02,
       -1.74037162e-02, -2.50220299e-03, -4.81258593e-02,
       -4.72970214e-03, -9.49046481e-03, 8.22747964e-03, -1.78404134e-02,
       -5.23334928e-02, -2.51845252e-02, -2.50597876e-02,
       -8.09825677e-03, -4.36638221e-02, 2.93226093e-02, -6.53650786e-04,
       2.85484381e-02, -3.34174931e-02, -1.15282303e-02, 3.84985879e-02,
       1.87968407e-02, 5.47216423e-02, 2.16102190e-02, 3.25862058e-02,
       -1.12986835e-02, 5.11251739e-04, -1.70310587e-02, -2.38986723e-02,
       -1.02925943e-02, -2.64320243e-02, 4.81533399e-03, -2.82153226e-02,
       7.88284559e-03, -1.49774347e-02, -5.29338373e-03, -2.51488406e-02,
       -2.91324202e-02, -1.17924549e-02, -1.65514033e-02, 1.44632068e-02,
       1.50094763e-03, 7.08562210e-02, 5.23076244e-02, 5.57149313e-02,
       -1.16565619e-02, -2.85517331e-02, -3.94520164e-03,
       -3.19199893e-03, -2.46899063e-03, -2.10363865e-02,
       -5.12010651e-03, -1.60330571e-02, -1.64143462e-02,
       -2.82854326e-02, -3.23054790e-02, -2.19460092e-02,
       -2.41683014e-02, 5.24411211e-03, -3.43460701e-02, 4.63812705e-03,
       -1.06880199e-02, -1.07122511e-02, -3.29828598e-02,
       -4.61155586e-02, -2.42776442e-02, -8.73913523e-03, 4.77946103e-02,
       1.40741896e-02, 8.03371221e-02, 3.97427045e-02, 3.27776335e-02,
