%YAML:1.0
---
small_armor_descriptor: !!opencv-object-detector-hog
   winSize: [ 56, 24 ]
   blockSize: [ 16, 16 ]
   blockStride: [ 8, 8 ]
   cellSize: [ 8, 8 ]
   nbins: 9
   derivAperture: 1
   winSigma: 4.
   histogramNormType: 0
   L2HysThreshold: 2.0000000000000001e-01
   gammaCorrection: 1
   nlevels: 64
   signedGradient: 0
   SVMDetector: [ 2.94785365e-04, 9.50253308e-02, 1.71360001e-02,
       -2.06921715e-02, -2.94553339e-02, -2.07752604e-02,
       -3.47438678e-02, -5.34023903e-02, -1.04142830e-01,
       -9.86428466e-03, 1.70558773e-03, -5.58591746e-02, -3.73336896e-02,
       -9.01289359e-02, -5.34202866e-02, -4.92929295e-02,
       -6.07112311e-02, -1.89345889e-02, 1.13683350e-01, 1.56008840e-01,
       9.98636521e-03, -4.17202860e-02, -5.72297610e-02, -4.12984230e-02,
       -3.96801867e-02, -3.87062542e-02, -4.85391822e-03, 3.03526148e-02,
       4.73446213e-02, -6.87513277e-02, -7.13556632e-02, -7.12182596e-02,
       -5.23619540e-02, -4.08727936e-02, -4.61263731e-02, 2.04151161e-02,
       3.14299427e-02, -6.56456351e-02, -4.58548814e-02, -4.85180505e-02,
       -9.01056975e-02, -4.42081206e-02, -4.97392938e-02, 1.23725766e-02,
       2.23983452e-02, -4.27340604e-02, -9.45251063e-02, -4.05108631e-02,
       -6.22766167e-02, -9.02471319e-02, -7.10780844e-02,
       -5.70148937e-02, 1.00467891e-01, 3.95911522e-02, 3.47124413e-02,
       -3.29261050e-02, -4.66327630e-02, -4.97016013e-02,
       -3.60213928e-02, -4.66992036e-02, -4.94006872e-02, 4.53723930e-02,
       3.11980080e-02, -1.40253315e-02, -3.33892703e-02, -4.06544507e-02,
       -3.56124565e-02, -4.39961851e-02, -5.46570793e-02,
       -1.78929791e-02, 5.75332195e-02, 3.54798809e-02, 4.16489132e-02,
       1.18197165e-01, 2.50845645e-02, -5.15111350e-02, -7.81976730e-02,
       -2.30147168e-02, -2.88318545e-02, -2.92901564e-02,
       -6.23292476e-02, -5.71218738e-03, 5.12095317e-02, -7.06017017e-02,
       -5.56322746e-02, -8.62979665e-02, -2.58792210e-02,
       -5.20584285e-02, -3.94428708e-02, -1.27644418e-02,
       -2.15986725e-02, 8.15665871e-02, 6.20091669e-02, -3.88352424e-02,
       -1.06871031e-01, -2.38106474e-02, -6.32515475e-02,
       -5.00648841e-02, -7.67434463e-02, -1.77304968e-02, 5.76867489e-03,
       -6.72684461e-02, -5.03960550e-02, -8.37212726e-02,
       -1.74584705e-02, -5.89068793e-02, -2.90808808e-02,
       -3.76564376e-02, 1.55089619e-02, -1.63500216e-02, -3.82563099e-02,
       -1.89994052e-02, -3.00099738e-02, -3.47054638e-02,
       -6.37435094e-02, 4.84936461e-02, 3.94895263e-02, -4.51164246e-02,
       -2.28383876e-02, -4.93515730e-02, -1.98046323e-02,
       -4.65863012e-02, -5.73969819e-02, 2.06029639e-02, 4.57039364e-02,
       1.86010189e-02, -2.75621768e-02, -8.09079129e-03, -2.70890780e-02,
       -1.34530505e-02, -2.97630914e-02, -2.47983579e-02,
       -6.07757419e-02, 1.90900546e-02, 1.26877734e-02, -5.89852370e-02,
       3.12940218e-04, -1.73900500e-02, -1.92930951e-04, -5.65167069e-02,
       -2.85139624e-02, 4.25193757e-02, 1.95725765e-02, -1.62636843e-02,
       -2.83198413e-02, 1.21195450e-01, 1.20162524e-01, -3.23952525e-04,
       -1.19265638e-01, -4.05077450e-02, -1.02668919e-01,
       -8.86656418e-02, -7.16582239e-02, 6.85677584e-03, 8.40291381e-02,
       3.56654525e-02, -5.05098030e-02, -9.04007182e-02, -4.05052863e-02,
       -9.64618325e-02, -6.22238480e-02, -1.30483648e-02,
       -4.57803868e-02, 6.77273646e-02, 8.61101523e-02, 5.82405701e-02,
       -9.40295160e-02, -3.55292708e-02, -6.40876740e-02,
       -6.92235231e-02, -6.13941848e-02, 2.05369424e-02, 5.72040603e-02,
       5.69510795e-02, 1.09761339e-02, -6.74749985e-02, -2.99748518e-02,
       -9.15505812e-02, -9.79839638e-02, -1.40167046e-02,
       -1.22976964e-02, 2.81817410e-02, 8.40856880e-03, -3.63555923e-02,
       -5.56913726e-02, -2.55132057e-02, -3.59981731e-02, 4.68249395e-02,
       1.88811533e-02, -6.26238063e-02, -1.96273699e-02, -4.77145091e-02,
       -4.75375950e-02, -6.52991459e-02, -3.45890899e-03, 6.91474304e-02,
       9.68370438e-02, -2.81985290e-02, 2.36508604e-02, 5.71439788e-02,
       6.11811951e-02, 3.31407599e-02, 3.18382904e-02, 2.93406397e-02,
       -5.36495596e-02, -1.11514274e-02, 2.19133273e-02, -2.85846759e-02,
       -2.35967394e-02, -3.12441289e-02, 2.68053729e-03, 1.59887336e-02,
       3.13286372e-02, 2.42428146e-02, -2.53109750e-03, -2.11564489e-02,
       -1.87145118e-02, 6.50253668e-02, 1.09815314e-01, 2.08797622e-02,
       -2.25517899e-03, 6.51082303e-03, 1.60032474e-02, 4.83882567e-03,
       5.73161840e-02, 5.78395538e-02, 1.11637920e-01, 9.90492553e-02,
       -6.82752114e-03, -3.49781066e-02, 5.89686865e-03, -8.19574459e-04,
       4.16755211e-03, 9.12782773e-02, -5.87730967e-02, -3.20674554e-02,
       -2.55785249e-02, -1.83925852e-02, -1.72954276e-02, 1.47185763e-02,
       9.45815220e-02, 2.45339703e-02, 4.28728797e-02, 7.85970408e-03,
       1.62435360e-02, -1.58107635e-02, -3.91896740e-02, -6.59814477e-02,
       -7.68183079e-03, -3.90378088e-02, -9.54451412e-03, 4.05046791e-02,
       5.80985397e-02, 7.86311626e-02, 7.00916871e-02, 3.81802507e-02,
       6.61603287e-02, 6.11700602e-02, 2.13317033e-02, 3.24819982e-02,
       8.35671201e-02, 3.73546705e-02, 1.85481068e-02, 2.51857769e-02,
       5.79877049e-02, 5.88844381e-02, 4.30504195e-02, -6.21767342e-03,
       5.45291323e-03, 4.60795760e-02, 2.48277886e-03, 1.41470311e-02,
       1.66291799e-02, -8.77201837e-03, -5.08318767e-02, 2.81469133e-02,
       2.50580609e-02, 1.80180762e-02, 1.97794307e-02, -4.48079919e-03,
       4.21910100e-02, 7.24095628e-02, 3.77177633e-02, 1.16798766e-02,
       -9.41617414e-03, -2.50010435e-02, -3.11802514e-02,
       -1.56104015e-02, -8.58992189e-02, -9.05838422e-03, 2.85454355e-02,
       1.55848507e-02, -3.68394516e-02, -5.30774891e-02, 5.90612106e-02,
       6.09159023e-02, -4.29952629e-02, -4.27045338e-02, -2.97170300e-02,
       -9.86733660e-03, 9.24484897e-03, -1.58063844e-02, -5.42698056e-02,
       -8.81773382e-02, -5.60023729e-03, 2.16425247e-02, -5.78245632e-02,
       -8.12369678e-03, 2.39926716e-03, -2.22861916e-02, -6.80399686e-02,
       -1.04048327e-01, 5.57437092e-02, 3.10834609e-02, 3.95745598e-02,
       3.09777372e-02, -1.83514245e-02, -3.60567942e-02, -1.54853920e-02,
       -2.21726596e-02, -4.99488153e-02, -8.54439437e-02, 3.19765173e-02,
       -1.79347117e-03, -1.32551109e-02, 1.23753026e-02, -2.92538591e-02,
       -2.65997443e-02, -1.14862816e-02, -2.62245070e-02,
       -2.75384635e-04, -1.06102908e-02, -3.07577383e-02,
       -1.47933485e-02, 7.29029477e-02, 6.00125454e-02, -3.77419889e-02,
       -2.21234970e-02, -8.54415062e-04, 1.45078208e-02, -1.20621091e-02,
       -5.03050499e-02, 3.14918160e-02, 7.55663663e-02, -5.19484989e-02,
       -4.57787067e-02, -1.74119566e-02, -4.51027527e-02,
       -4.22259569e-02, -3.95341441e-02, 4.96341176e-02, 3.01073529e-02,
       5.08798808e-02, 6.96454197e-02, -9.82968658e-02, -5.52769974e-02,
       -4.00878675e-02, -4.10446338e-02, -6.58114851e-02,
       -2.17647776e-02, -3.59475426e-02, -2.00851914e-02,
       -2.73700394e-02, -3.75796519e-02, -5.32737710e-02,
       -6.43773749e-02, -2.02439241e-02, 8.46645236e-02, 6.32551089e-02,
       5.41910268e-02, -5.01226746e-02, -5.52765876e-02, -4.25918587e-02,
       -1.86208505e-02, -1.55490590e-02, -1.11255154e-01, 1.83014590e-02,
       3.47386710e-02, -1.39390361e-02, -1.57336108e-02, -6.83870213e-03,
       5.03839506e-03, -2.30527911e-02, -5.32016121e-02, -1.08394790e-02,
       3.90458852e-02, 2.23890264e-02, -3.20806261e-03, -4.78406064e-02,
       -4.22345102e-02, -2.07203422e-02, -3.33053209e-02,
       -8.19334853e-03, -8.43652040e-02, 1.23365698e-02, -2.97526512e-02,
       8.62463117e-02, 5.82378823e-03, -7.65145048e-02, -5.05921952e-02,
       -1.84632763e-02, -1.89468861e-02, -5.40022030e-02,
       -7.38363713e-02, 7.01802820e-02, 9.60845277e-02, 1.09484285e-01,
       -3.40868160e-02, -1.00337453e-01, -6.37520254e-02,
       -5.14843762e-02, -8.65864605e-02, -7.92841464e-02,
